2.318742926367247215e+00 6.422568512961233544e+00 1.000000000000000000e+00
4.138676516552299844e+00 1.412982005277632780e+01 1.000000000000000000e+00
2.685320512190248365e+00 1.260765054403083596e+01 1.000000000000000000e+00
2.129259724370481166e+00 2.232444563281398509e+00 1.000000000000000000e+00
1.130161530739614451e+00 9.248905899408255138e+00 1.000000000000000000e+00
4.493530297055906786e+00 1.498080421566640652e+01 1.000000000000000000e+00
3.966703422695284420e+00 9.684622614708603194e+00 1.000000000000000000e+00
9.935724180203107103e-01 1.085670327756720432e+01 1.000000000000000000e+00
7.297349671296839979e-01 -2.877661112080662775e-01 1.000000000000000000e+00
3.772817522635708798e+00 1.607769054002543285e+01 1.000000000000000000e+00
3.323327061579163910e+00 1.103645197698673286e+01 1.000000000000000000e+00
1.891223908101079321e+00 1.626349803146753814e+00 1.000000000000000000e+00
2.944939073748817027e+00 1.112534218721240009e+01 1.000000000000000000e+00
2.332139799982539063e+00 2.147801850976122751e+00 1.000000000000000000e+00
1.568320374465203004e+00 1.149904422336104659e+01 1.000000000000000000e+00
3.013666068023591382e+00 1.075397382470460172e+01 1.000000000000000000e+00
2.825055014367950701e+00 4.683829293105940650e+00 1.000000000000000000e+00
3.105005203508719003e+00 1.379709970446889500e+01 1.000000000000000000e+00
3.466829328947737210e+00 1.232141827245182597e+01 1.000000000000000000e+00
4.668173199495839754e+00 1.414985199292480544e+01 1.000000000000000000e+00
1.618204775677320351e+00 5.642746130404942662e+00 1.000000000000000000e+00
2.587105931148149018e+00 7.333660578102993099e+00 1.000000000000000000e+00
4.382525796189285394e+00 1.167422927988455505e+01 1.000000000000000000e+00
2.537118311128410575e+00 9.388547393577708178e+00 1.000000000000000000e+00
2.655558717292182180e+00 7.105285554732410525e+00 1.000000000000000000e+00
2.646539936566481455e+00 1.361230000434345122e+01 1.000000000000000000e+00
2.875723549508133470e+00 9.007792362575976597e+00 1.000000000000000000e+00
3.330256638387396606e+00 1.717189956514776128e+01 1.000000000000000000e+00
1.837322577370648968e+00 1.474416194827081483e+01 1.000000000000000000e+00
3.014656500181110754e+00 7.570581741387449881e+00 1.000000000000000000e+00
3.000607403142471874e+00 1.165199784657261262e+00 1.000000000000000000e+00
3.606259632352839084e+00 1.034256907008827220e+01 1.000000000000000000e+00
2.642813541993699999e+00 7.609532956193199027e+00 1.000000000000000000e+00
2.581616068028113276e+00 9.277349106312609450e+00 1.000000000000000000e+00
2.667823563800360009e+00 1.181009496261916958e+01 1.000000000000000000e+00
3.788598486090400730e+00 1.518153443283916459e+01 1.000000000000000000e+00
3.880935927227126214e+00 3.191927218097470487e+00 1.000000000000000000e+00
4.688138867140560606e+00 1.401936736969279806e+01 1.000000000000000000e+00
3.152212901632497122e+00 7.664865055853978149e+00 1.000000000000000000e+00
1.482766123562758276e+00 1.216687254033875476e+01 1.000000000000000000e+00
2.858086437305397354e+00 7.007157378543304560e+00 1.000000000000000000e+00
3.689693968600910701e+00 5.474238062708733032e+00 1.000000000000000000e+00
3.796033451999542230e+00 1.448203298608640210e+01 1.000000000000000000e+00
3.708770150659149500e+00 3.427313197680208035e+00 1.000000000000000000e+00
4.390915779019540999e+00 1.202360524023438515e+01 1.000000000000000000e+00
2.838575239362929103e+00 1.226862906824518262e+01 1.000000000000000000e+00
4.424883647067826331e+00 1.555130368338262414e+01 1.000000000000000000e+00
4.703707988544767460e+00 4.661282478412656083e+00 1.000000000000000000e+00
2.425173090696028932e+00 1.242061114744471872e+01 1.000000000000000000e+00
6.710327079100810721e-01 8.894328314394099877e+00 1.000000000000000000e+00
2.824177128848085250e+00 6.396545239916313186e+00 1.000000000000000000e+00
1.432967902768401469e+00 1.607421797888629555e+01 1.000000000000000000e+00
2.566977247387045580e+00 1.482035229218443106e+01 1.000000000000000000e+00
2.969773998105077695e+00 1.046616744247986119e+01 1.000000000000000000e+00
3.663028250989228241e+00 1.455616396775853971e+01 1.000000000000000000e+00
2.594168549044607364e+00 1.571736131080505317e+01 1.000000000000000000e+00
2.919627997754365101e+00 9.393052762544998657e+00 1.000000000000000000e+00
4.475899035519773861e+00 7.523868369470994466e+00 1.000000000000000000e+00
3.603538407932156407e+00 2.992011916144544870e+00 1.000000000000000000e+00
1.706113172849317294e+00 6.615825423817565998e+00 1.000000000000000000e+00
3.874414446252594235e+00 1.437894445177239078e+01 1.000000000000000000e+00
4.106909157145198996e+00 4.555697072737967090e+00 1.000000000000000000e+00
1.266320701370067914e+00 1.481699434201245680e+01 1.000000000000000000e+00
3.710730639594385316e+00 9.918464256474504026e+00 1.000000000000000000e+00
1.319865942217387067e+00 7.679973171271667454e+00 1.000000000000000000e+00
2.385623566383688221e+00 1.308189826374316311e+01 1.000000000000000000e+00
2.597249330856210126e+00 1.361670174461754534e+01 1.000000000000000000e+00
4.149940737720592132e+00 6.535480354548425908e+00 1.000000000000000000e+00
3.019378583479032763e+00 7.727635078981615280e+00 1.000000000000000000e+00
2.879313295667621286e+00 1.382804863107572224e+01 1.000000000000000000e+00
8.978460748616901022e-01 8.423950351870951536e+00 1.000000000000000000e+00
1.253031608051664580e+00 1.364864620610662271e+01 1.000000000000000000e+00
3.594339223747575751e+00 3.289571444963478974e+00 1.000000000000000000e+00
2.800700480675046844e+00 7.873829839176154977e+00 1.000000000000000000e+00
3.285285188308965765e+00 1.879399063589975682e+01 1.000000000000000000e+00
2.735166421054568087e+00 1.528747050035478594e+01 1.000000000000000000e+00
2.214191679452047978e+00 5.599019487075700852e+00 1.000000000000000000e+00
4.538935133444330638e+00 3.824240094568192916e+00 1.000000000000000000e+00
2.011280288009103856e+00 1.036866750723232755e+01 1.000000000000000000e+00
3.146959016569365275e+00 8.983921317457037148e+00 1.000000000000000000e+00
4.144421885236543091e+00 2.453735653730961985e+01 1.000000000000000000e+00
3.120096422938102521e+00 1.453380357462146577e+01 1.000000000000000000e+00
2.048809738614687515e+00 1.178388220328840319e+01 1.000000000000000000e+00
2.958489022043893524e+00 8.296488979283852316e+00 1.000000000000000000e+00
3.000121823911278351e+00 6.260559617480939920e+00 1.000000000000000000e+00
2.863311422673292750e+00 1.131999742290564015e+01 1.000000000000000000e+00
2.741617627488739384e+00 5.905937700794044787e+00 1.000000000000000000e+00
4.407518760788426526e+00 1.555718229715641954e+01 1.000000000000000000e+00
3.810621900546025564e+00 6.331434515703355359e+00 1.000000000000000000e+00
3.895392810770681891e+00 8.266447599119393530e+00 1.000000000000000000e+00
7.159964878970015434e-01 3.597299445433085552e+00 1.000000000000000000e+00
8.185695206381025102e-01 1.976521273284658875e+00 1.000000000000000000e+00
3.287893957967972902e+00 9.757376434047227320e+00 1.000000000000000000e+00
3.463751413195853779e+00 5.110093965515962289e+00 1.000000000000000000e+00
3.315093000037889759e+00 9.796344336170909273e+00 1.000000000000000000e+00
3.313249692152120396e+00 2.175903505029341645e+01 1.000000000000000000e+00
2.069897724815888296e+00 1.666203800677193314e+01 1.000000000000000000e+00
4.564684024870544476e+00 2.356947619282126816e+00 1.000000000000000000e+00
3.875419271886349826e+00 1.178720598869423419e+01 1.000000000000000000e+00
4.499028081319640826e+00 2.148519817706051604e+00 1.000000000000000000e+00
2.946946145659947280e+00 1.586399135780909475e+01 1.000000000000000000e+00
2.840185714000508899e+00 6.357486522822298980e+00 1.000000000000000000e+00
2.294603773125265089e+00 6.763429140106472559e+00 1.000000000000000000e+00
2.893158541042393672e+00 6.502911963485475511e+00 1.000000000000000000e+00
2.292155892045906196e+00 8.312482865799688980e+00 1.000000000000000000e+00
5.325729999365943712e+00 9.796787730520854609e+00 1.000000000000000000e+00
4.872529079697404342e+00 4.324083771309779500e+00 1.000000000000000000e+00
4.743184304000670259e+00 1.034841427306727546e+01 1.000000000000000000e+00
3.587320223106234884e+00 1.515259008285160824e+01 1.000000000000000000e+00
3.176017608674357895e+00 6.679329224482995819e+00 1.000000000000000000e+00
2.646746944649542410e+00 7.494953205752464598e+00 1.000000000000000000e+00
3.183930329417953065e+00 2.059991727804525041e+01 1.000000000000000000e+00
2.346981246360318352e+00 2.288860913271099662e+01 1.000000000000000000e+00
2.675369305026289446e+00 1.111523732869975056e+01 1.000000000000000000e+00
2.763444356295182036e+00 9.542151169427462776e+00 1.000000000000000000e+00
3.057198049045768862e+00 1.557642370564576417e+01 1.000000000000000000e+00
1.432282933062079655e+00 7.693667993466809740e+00 1.000000000000000000e+00
3.892818783547067341e+00 5.343626591893144706e+00 1.000000000000000000e+00
2.263123027988320324e+00 1.121110717216176056e+01 1.000000000000000000e+00
4.329728388779548354e+00 2.579308529233713010e+00 1.000000000000000000e+00
1.457626672844376747e+00 6.380770389432682599e+00 1.000000000000000000e+00
2.816501434944287396e+00 1.427678243325758345e+01 1.000000000000000000e+00
4.268436104724588454e+00 1.067722944532898488e+01 1.000000000000000000e+00
3.084685569353327494e+00 1.175389384412618732e+01 1.000000000000000000e+00
1.793199451929720745e+00 1.128984684020185014e+01 1.000000000000000000e+00
3.607690938997726970e+00 1.290566901991713422e+01 1.000000000000000000e+00
1.484160097101435927e+00 9.851414088787128875e+00 1.000000000000000000e+00
3.304125596970701295e+00 1.448899722187745986e+01 1.000000000000000000e+00
3.392090549048120351e+00 1.728916520052379724e+01 1.000000000000000000e+00
3.359887840164840878e+00 3.471215171304886660e+00 1.000000000000000000e+00
1.836921118860173507e+00 1.744094937705264670e+01 1.000000000000000000e+00
4.514905595652489723e+00 1.077507001028240907e+01 1.000000000000000000e+00
2.042001853574431536e+00 9.495612711809004125e+00 1.000000000000000000e+00
2.546293823009465829e+00 1.096747840117462047e+01 1.000000000000000000e+00
2.037035928509327576e+00 4.197676677374055032e+00 1.000000000000000000e+00
3.147701606790030748e+00 8.729840574208731496e+00 1.000000000000000000e+00
2.619913532130788703e+00 1.053585210898835811e+01 1.000000000000000000e+00
4.072813414910736896e+00 1.464109521738090436e+01 1.000000000000000000e+00
2.432062344143171906e+00 1.198765565761198282e+01 1.000000000000000000e+00
4.303833575501580633e+00 9.112289382476454591e+00 1.000000000000000000e+00
2.939308783905715927e+00 8.120691046769811905e+00 1.000000000000000000e+00
3.427963737736190009e+00 1.141305009781842550e+01 1.000000000000000000e+00
3.744085243020282228e+00 1.088478751988274063e+01 1.000000000000000000e+00
2.654242275334775858e+00 9.784395684470496235e+00 1.000000000000000000e+00
3.007594767149776249e+00 9.530793471918920901e+00 1.000000000000000000e+00
2.485851893389250833e+00 1.950258988808199234e+01 1.000000000000000000e+00
3.743551640208836240e+00 6.470483704405868508e+00 1.000000000000000000e+00
9.221261003145935220e-01 5.092318376867512875e+00 1.000000000000000000e+00
3.663227547291906916e+00 5.575785571573478094e+00 1.000000000000000000e+00
4.009828470616145779e+00 1.461340671099922162e+00 1.000000000000000000e+00
4.162249885492617985e+00 7.972370896117618955e+00 1.000000000000000000e+00
1.189706807874011396e+00 1.005052648947068583e+01 1.000000000000000000e+00
1.843214359711200734e+00 1.363823621285047416e+01 1.000000000000000000e+00
2.060839295671695659e+00 8.730189438234354782e+00 1.000000000000000000e+00
2.923978764125786611e+00 1.005337979527860703e+01 1.000000000000000000e+00
2.245055251537579011e+00 2.573121428018438017e+00 1.000000000000000000e+00
1.783690375659378935e+00 1.071275688575180851e+01 1.000000000000000000e+00
1.710117957617779849e+00 3.553207001361569084e+00 1.000000000000000000e+00
3.638731616716740724e+00 5.990858682961489379e+00 1.000000000000000000e+00
2.316568105488085560e+00 1.957056313541153614e+00 1.000000000000000000e+00
3.410782679603418188e+00 4.970591674888177991e+00 1.000000000000000000e+00
3.879785585775349599e+00 1.970255463052259870e+01 1.000000000000000000e+00
3.443913989182605384e+00 1.987365209987395076e+01 1.000000000000000000e+00
4.756854894367288367e+00 1.865225147141677198e+01 1.000000000000000000e+00
1.009620776367934347e+00 6.339820431408917045e+00 1.000000000000000000e+00
3.759135751437539863e+00 1.049414790017261900e+01 1.000000000000000000e+00
2.384971012399521584e+00 1.098264275432843284e+01 1.000000000000000000e+00
3.251827271662053764e+00 1.429282647642468085e+01 1.000000000000000000e+00
2.352268259231766301e+00 7.283705148941810315e+00 1.000000000000000000e+00
3.030006547083162083e+00 1.059384068650085098e+01 1.000000000000000000e+00
3.655356409512705351e+00 1.687774234423268638e+01 1.000000000000000000e+00
3.831444716906297732e+00 9.218281548898302091e+00 1.000000000000000000e+00
1.471309465001184646e+00 1.145209972443381830e+01 1.000000000000000000e+00
9.701407835151569792e-01 9.887307338681985414e+00 1.000000000000000000e+00
3.012834075137103884e+00 7.836432512440007159e+00 1.000000000000000000e+00
2.473715221850632417e+00 1.260993473682542110e+01 1.000000000000000000e+00
3.778064916180368105e+00 1.227995740222155518e+01 1.000000000000000000e+00
4.693901466056870753e+00 1.471958585895948168e+01 1.000000000000000000e+00
2.930932833204106025e+00 -7.945425642143195688e-01 1.000000000000000000e+00
2.912800295480150403e+00 5.693059714126995630e+00 1.000000000000000000e+00
1.869696512997050197e+00 8.011470681533239713e+00 1.000000000000000000e+00
3.572902388034445487e+00 5.935787865869667890e+00 1.000000000000000000e+00
2.171208072870163708e+00 8.198365754334030697e+00 1.000000000000000000e+00
3.066237455005960566e+00 1.028367821196231624e+01 1.000000000000000000e+00
2.237452410386647550e+00 5.983578874408799209e+00 1.000000000000000000e+00
2.407036731670014973e+00 1.540656977187696342e+01 1.000000000000000000e+00
1.949684576008337444e+00 1.691573246412369969e+01 1.000000000000000000e+00
3.178084601164802070e+00 6.466692277958957291e+00 1.000000000000000000e+00
3.029551372686186017e+00 4.714342296645275709e+00 1.000000000000000000e+00
3.626197649864507433e+00 4.621098803163417479e+00 1.000000000000000000e+00
1.881887870329751022e+00 1.281994343573031969e+01 1.000000000000000000e+00
2.082671049578038058e+00 8.156819156164438311e+00 1.000000000000000000e+00
3.322699216730941707e+00 2.492544475987285679e+00 1.000000000000000000e+00
1.889943313696943461e+00 1.131631726898590529e+01 1.000000000000000000e+00
2.704289251574587105e+00 9.220364389063847810e+00 1.000000000000000000e+00
2.228907959460513677e+00 1.736600859771605698e+01 1.000000000000000000e+00
3.390746024052988083e+00 1.532161318577773201e+01 1.000000000000000000e+00
1.977482793632604929e+00 1.420355270314987095e+01 1.000000000000000000e+00
2.272903181073216761e+00 1.457109134614309554e+01 1.000000000000000000e+00
3.308823339768470095e+00 9.679285495395353323e+00 1.000000000000000000e+00
7.914790478320397504e+00 5.199833122563861654e-01 -1.000000000000000000e+00
7.608080879436330157e+00 7.829793712036321462e-01 -1.000000000000000000e+00
6.929694617423429293e+00 2.571107502092787822e+00 -1.000000000000000000e+00
8.068547456387163308e+00 7.119898058944875707e-01 -1.000000000000000000e+00
7.164683212615376995e+00 2.143860315517835069e+00 -1.000000000000000000e+00
9.897250915427690643e+00 -4.209376185405795390e-01 -1.000000000000000000e+00
7.040788247579296666e+00 3.750953818884797286e+00 -1.000000000000000000e+00
8.414392423566763313e+00 2.063619240651020093e-01 -1.000000000000000000e+00
1.021980139133682641e+01 1.214194591665736178e+00 -1.000000000000000000e+00
7.523362369925581383e+00 8.109590007994491589e-01 -1.000000000000000000e+00
9.480088851574212327e+00 5.209938194555834734e+00 -1.000000000000000000e+00
7.956389012175874242e+00 4.938579928876642100e+00 -1.000000000000000000e+00
8.520978635590672923e+00 -2.109908231025543479e-01 -1.000000000000000000e+00
7.529721254009221099e+00 -6.073385343951249737e-01 -1.000000000000000000e+00
7.524038352016108711e+00 2.707064558569273416e+00 -1.000000000000000000e+00
6.625606687485996460e+00 4.027796560280694216e-02 -1.000000000000000000e+00
9.304218714246498934e+00 3.197480594064554094e+00 -1.000000000000000000e+00
7.786200145504803771e+00 2.028406147860250197e+00 -1.000000000000000000e+00
7.252113842372789776e+00 3.522437726530002866e+00 -1.000000000000000000e+00
6.428379246291591187e+00 5.614111852963538318e+00 -1.000000000000000000e+00
6.435306402962540417e+00 6.695869352537500152e-01 -1.000000000000000000e+00
6.978013104122003263e+00 1.559343758756849274e+00 -1.000000000000000000e+00
8.377369234441708556e+00 1.937974388679422733e+00 -1.000000000000000000e+00
6.816838644315515339e+00 1.336752797388252034e-02 -1.000000000000000000e+00
1.065356728802766639e+01 1.388864681529306644e+00 -1.000000000000000000e+00
6.477064205345140380e+00 3.041244453059997355e+00 -1.000000000000000000e+00
6.907823966420705730e+00 1.062423509934965260e+00 -1.000000000000000000e+00
8.099019955519205283e+00 3.697859384082409662e+00 -1.000000000000000000e+00
8.548707570485392537e+00 3.785735247588084995e+00 -1.000000000000000000e+00
9.256214966970652824e+00 9.157864578441439196e-01 -1.000000000000000000e+00
5.900035296832261800e+00 6.115650993859497397e+00 -1.000000000000000000e+00
7.800258260995759585e+00 -3.344341657960452352e-01 -1.000000000000000000e+00
7.461109247691586788e+00 2.220444539286813956e+00 -1.000000000000000000e+00
9.466916526300551027e+00 6.132372212157708447e+00 -1.000000000000000000e+00
1.021636334404142943e+01 2.610398790221481136e+00 -1.000000000000000000e+00
8.943872391272119415e+00 2.253071166982372198e+00 -1.000000000000000000e+00
9.000876723596761053e+00 1.340790176483387608e+00 -1.000000000000000000e+00
6.536014574842302416e+00 1.731638415665664121e+00 -1.000000000000000000e+00
6.096810965637761370e+00 -8.845885386545040419e-01 -1.000000000000000000e+00
5.368924456253894917e+00 1.239756973556138675e-02 -1.000000000000000000e+00
8.844935238095178676e+00 6.259944425343704211e+00 -1.000000000000000000e+00
9.019368433712882549e+00 3.816960474830767502e+00 -1.000000000000000000e+00
7.369796699081173408e+00 -8.908980646816062610e-01 -1.000000000000000000e+00
8.373288355833825136e+00 3.361144372442128159e+00 -1.000000000000000000e+00
9.123769416732139703e+00 4.286951028610367587e+00 -1.000000000000000000e+00
8.638933385503182905e+00 1.840890605883283238e+00 -1.000000000000000000e+00
9.767966488023487770e+00 2.311338240425242496e+00 -1.000000000000000000e+00
1.137787984524855034e+01 3.240747530238980989e+00 -1.000000000000000000e+00
1.137665553325608059e+01 8.458080386689512675e-01 -1.000000000000000000e+00
6.981370219992046877e+00 -8.739896202649437562e-01 -1.000000000000000000e+00
9.475747973041423577e+00 2.202995598095087271e+00 -1.000000000000000000e+00
1.039179018723411296e+01 1.979844702752775687e+00 -1.000000000000000000e+00
9.181054599556793150e+00 -2.860448969610418501e-01 -1.000000000000000000e+00
9.270758229233807768e+00 3.937914911191338518e+00 -1.000000000000000000e+00
1.023907461608065361e+01 1.855825609943678955e+00 -1.000000000000000000e+00
9.599527366678934470e+00 6.313708479649460692e+00 -1.000000000000000000e+00
7.175791221005022535e+00 5.496524298121998608e-01 -1.000000000000000000e+00
7.299456214297785905e+00 -6.481437434016150689e-01 -1.000000000000000000e+00
8.601080103265548615e+00 -1.707172056806149918e+00 -1.000000000000000000e+00
5.777759726063093737e+00 1.942255572884449499e+00 -1.000000000000000000e+00
7.568729239415995735e+00 3.725785154028000257e+00 -1.000000000000000000e+00
1.090770046718125208e+01 5.895501050487921280e-01 -1.000000000000000000e+00
6.124381422663297769e+00 -6.116031959282035579e-01 -1.000000000000000000e+00
6.629510565559027846e+00 -1.209175426706732281e-01 -1.000000000000000000e+00
8.577637292188283524e+00 2.348790556067723134e+00 -1.000000000000000000e+00
7.768080668386336818e+00 1.795034861128998571e+00 -1.000000000000000000e+00
5.473593535280881994e+00 2.232172668568159324e+00 -1.000000000000000000e+00
8.937859942055764506e+00 2.305386061947679366e+00 -1.000000000000000000e+00
1.190553457603620657e+01 1.851278593599041900e+00 -1.000000000000000000e+00
6.460344703197216987e+00 3.853489546426171586e+00 -1.000000000000000000e+00
6.023575320041580028e+00 4.046244246602528349e+00 -1.000000000000000000e+00
8.697231915399649793e+00 8.134253770034835185e+00 -1.000000000000000000e+00
7.230275075053191003e+00 2.581452393261634004e+00 -1.000000000000000000e+00
9.728324800878452194e+00 4.091840281047280037e+00 -1.000000000000000000e+00
8.679617745750578095e+00 -3.437418270577183854e-01 -1.000000000000000000e+00
6.366437285232771082e+00 1.714197500282316877e+00 -1.000000000000000000e+00
9.505645790216579627e+00 1.532008583494747889e+00 -1.000000000000000000e+00
6.191721940809157942e+00 5.152284387119969722e-01 -1.000000000000000000e+00
7.718750989258157169e+00 2.932857444837871697e+00 -1.000000000000000000e+00
6.989021709834138285e+00 1.487036869964004415e+00 -1.000000000000000000e+00
7.162056597212879794e+00 -9.242023917311086301e-01 -1.000000000000000000e+00
5.038248997301650434e+00 4.033747786451037598e+00 -1.000000000000000000e+00
7.297770609978171841e+00 -1.126859148208209760e+00 -1.000000000000000000e+00
6.303831177483015580e+00 -2.312979649605559906e+00 -1.000000000000000000e+00
6.672161531715458338e+00 1.111603627055349985e+00 -1.000000000000000000e+00
7.392625423191550915e+00 4.364333951635300579e+00 -1.000000000000000000e+00
8.026711009790957974e+00 4.033483729136764673e+00 -1.000000000000000000e+00
9.229675067703244196e+00 1.414240599739138293e+00 -1.000000000000000000e+00
6.307598871057065182e+00 1.335031993155869401e+00 -1.000000000000000000e+00
6.763734267005586887e+00 1.364209019815372237e+00 -1.000000000000000000e+00
8.607868858751370311e+00 4.208172305899896770e+00 -1.000000000000000000e+00
5.250618474434810778e+00 1.550896965125348803e+00 -1.000000000000000000e+00
1.017989437749932335e+01 8.997408656580643260e-01 -1.000000000000000000e+00
1.019842671360865438e+01 3.250016239745491475e+00 -1.000000000000000000e+00
8.985811572221589216e+00 1.063889409155584165e+00 -1.000000000000000000e+00
8.418494721160030281e+00 -9.131388453084010592e-01 -1.000000000000000000e+00
8.829042705958219273e+00 1.161116037449107630e+00 -1.000000000000000000e+00
6.293205767269112627e+00 4.254156124588236665e+00 -1.000000000000000000e+00
7.419626851597915795e+00 4.273397937059748131e+00 -1.000000000000000000e+00
6.345653835802975706e+00 1.175123446954892792e+00 -1.000000000000000000e+00
7.560819745513749801e+00 2.019165362345656245e+00 -1.000000000000000000e+00
8.623055403543352426e+00 1.202183277138785922e+00 -1.000000000000000000e+00
5.884193940230316500e+00 4.124616121524767642e+00 -1.000000000000000000e+00
7.880961774501080264e+00 -5.462628323738507596e-01 -1.000000000000000000e+00
8.278698754249642633e+00 1.444346215129768574e+00 -1.000000000000000000e+00
7.421453239772258570e+00 -2.279183638659325162e+00 -1.000000000000000000e+00
7.697992430787815366e+00 2.640245838593138217e+00 -1.000000000000000000e+00
6.105216547627973611e+00 3.297278270796871524e+00 -1.000000000000000000e+00
8.587959120121501755e+00 4.756882520983701568e+00 -1.000000000000000000e+00
8.297757678556125782e+00 3.561246873571007665e+00 -1.000000000000000000e+00
6.762799654847831299e+00 -2.861209689724802274e+00 -1.000000000000000000e+00
7.275988845983839326e+00 -1.485483663165299006e-02 -1.000000000000000000e+00
9.547979233043101033e+00 -1.130347238086368833e+00 -1.000000000000000000e+00
7.683589281844996677e+00 1.127028132324306320e+00 -1.000000000000000000e+00
5.804038623083944692e+00 1.820686894968452263e+00 -1.000000000000000000e+00
6.551239094205248747e+00 -1.364720329644470986e-01 -1.000000000000000000e+00
8.567538207794976657e+00 -8.918265750614193799e-01 -1.000000000000000000e+00
7.687983502037248229e+00 2.916328351506769501e+00 -1.000000000000000000e+00
8.006230172645008025e+00 1.343108536433116562e+00 -1.000000000000000000e+00
5.657616898097129976e+00 2.152931599214155778e+00 -1.000000000000000000e+00
7.165095466859668250e+00 -1.024922358534604339e+00 -1.000000000000000000e+00
7.756265199242853292e+00 2.492261664905763840e-01 -1.000000000000000000e+00
6.944784121817445310e+00 5.040408864947584888e+00 -1.000000000000000000e+00
7.052581418583860895e+00 -5.238645414656644128e-01 -1.000000000000000000e+00
7.872190389671140487e+00 1.536799119593109220e+00 -1.000000000000000000e+00
4.882719961726790459e+00 2.944372198699215737e+00 -1.000000000000000000e+00
8.036264576624070344e+00 3.294251681869579951e+00 -1.000000000000000000e+00
7.350912146601594088e+00 2.435638883503064456e+00 -1.000000000000000000e+00
8.552467948034648160e+00 1.492184927917989956e+00 -1.000000000000000000e+00
8.716815772755351688e+00 3.869263235693291669e+00 -1.000000000000000000e+00
9.532694608082598720e+00 -9.654840895960377090e-01 -1.000000000000000000e+00
8.666460981290192933e+00 6.439994972715980204e+00 -1.000000000000000000e+00
1.014337412332790933e+01 -1.914093872159137177e-01 -1.000000000000000000e+00
1.061085566667787816e+01 -7.957844076564688507e-01 -1.000000000000000000e+00
6.436042967932832148e+00 -1.098757087093632734e+00 -1.000000000000000000e+00
8.962620264148972282e+00 5.406938732396715519e-01 -1.000000000000000000e+00
8.687954617215488895e+00 -4.880307386749871412e-02 -1.000000000000000000e+00
8.005151287530631876e+00 6.219380453764586925e+00 -1.000000000000000000e+00
1.013612007515753000e+01 8.726759790331883870e-01 -1.000000000000000000e+00
7.981934526897589421e+00 1.850799849078375914e+00 -1.000000000000000000e+00
7.147943554773604546e+00 6.821730759754836004e-01 -1.000000000000000000e+00
8.984297449362379950e+00 5.275755662083660980e+00 -1.000000000000000000e+00
7.889940443490617739e+00 2.365010220471663427e+00 -1.000000000000000000e+00
6.838271448097720473e+00 3.687607820898755939e+00 -1.000000000000000000e+00
9.077278553223898427e+00 3.448900315129613148e+00 -1.000000000000000000e+00
1.014347301799524104e+01 3.424552386767022227e+00 -1.000000000000000000e+00
8.555361138647688435e+00 1.468300653642573339e+00 -1.000000000000000000e+00
8.191836588692488874e+00 1.428824767037473187e-02 -1.000000000000000000e+00
8.496755446852516158e+00 1.591771272219766331e+00 -1.000000000000000000e+00
8.630335655478601709e+00 6.800602701655861004e+00 -1.000000000000000000e+00
6.077980475901265223e+00 4.424736699101483595e+00 -1.000000000000000000e+00
7.269480116623726396e+00 3.671728429021396067e+00 -1.000000000000000000e+00
9.398371638304812592e+00 1.437556847375971447e-01 -1.000000000000000000e+00
7.206625810094966944e+00 7.765261956463070270e+00 -1.000000000000000000e+00
5.296697876175955777e+00 -2.578215862613699727e-01 -1.000000000000000000e+00
6.307105429689899623e+00 7.196182975205278609e+00 -1.000000000000000000e+00
9.195019625702530064e+00 1.611670247340120987e+00 -1.000000000000000000e+00
8.602225053712828640e+00 1.746490002641926331e+00 -1.000000000000000000e+00
6.999617465252139681e+00 1.028163368195247118e+00 -1.000000000000000000e+00
9.281666545173834493e+00 3.810341742665400488e+00 -1.000000000000000000e+00
8.101536139149446925e+00 1.814381312744475228e-01 -1.000000000000000000e+00
7.989299330029661306e+00 2.469839408831306038e+00 -1.000000000000000000e+00
6.911506738086984569e+00 -9.697306986522500338e-01 -1.000000000000000000e+00
8.994946369765106198e+00 -1.238320821968070806e+00 -1.000000000000000000e+00
9.811136385404413573e+00 3.393312497310916331e+00 -1.000000000000000000e+00
7.808489992298533799e+00 1.289564874297800534e+00 -1.000000000000000000e+00
5.002580985241172229e+00 2.982381635972641831e+00 -1.000000000000000000e+00
8.324875700527154976e+00 1.037143758666833726e+00 -1.000000000000000000e+00
6.185229681153323611e+00 2.797009044017807700e+00 -1.000000000000000000e+00
8.627289216652407333e+00 1.558940727820177674e+00 -1.000000000000000000e+00
1.022270595354946821e+01 -3.119593440501251536e-01 -1.000000000000000000e+00
8.303020884187438000e+00 5.079760489542450408e+00 -1.000000000000000000e+00
8.411798947457196363e+00 3.791797305832989018e+00 -1.000000000000000000e+00
7.373219211041049270e+00 -8.858831007195555607e-01 -1.000000000000000000e+00
8.450816652047233646e+00 -8.371829691584897759e-01 -1.000000000000000000e+00
9.263254417373497418e+00 2.171223529389509022e+00 -1.000000000000000000e+00
7.419936019380643621e+00 1.746764078859170066e+00 -1.000000000000000000e+00
8.356720838269861673e+00 3.883285646252453649e+00 -1.000000000000000000e+00
8.808242461531783363e+00 3.023418924577247147e+00 -1.000000000000000000e+00
1.144801818913286340e+01 2.284569162788279151e-01 -1.000000000000000000e+00
8.025566086223600237e+00 3.267072415048385636e+00 -1.000000000000000000e+00
7.386874821565636573e+00 3.668892337496073353e+00 -1.000000000000000000e+00
8.943224075598443790e+00 3.729744951884834236e+00 -1.000000000000000000e+00
5.425357422080415049e+00 5.791916444307018352e+00 -1.000000000000000000e+00
7.032534674148802623e+00 7.631216745987248196e-01 -1.000000000000000000e+00
7.593083540264940368e+00 4.093064903029523194e+00 -1.000000000000000000e+00
1.015449275715757160e+01 5.285995196688177966e-01 -1.000000000000000000e+00
5.246212083030489026e+00 -4.952105513705671314e-01 -1.000000000000000000e+00
6.599633119265336134e+00 3.183956688426550219e+00 -1.000000000000000000e+00
7.948714281158551387e+00 3.764935938219934108e+00 -1.000000000000000000e+00
5.952441399766025043e+00 3.039601848002560835e+00 -1.000000000000000000e+00
6.595377265070958117e+00 2.750659412859119968e+00 -1.000000000000000000e+00
8.189222085442157351e+00 5.443776945959070801e+00 -1.000000000000000000e+00
5.971317513183704406e+00 -7.840407595970777521e-01 -1.000000000000000000e+00
9.666424233683404310e+00 4.079105047697481723e+00 -1.000000000000000000e+00
5.912362007077375914e+00 4.308058236053915024e+00 -1.000000000000000000e+00
7.151754079559039745e+00 2.356752367308816432e+00 -1.000000000000000000e+00
7.443643074534469939e+00 6.138934215241091952e-01 -1.000000000000000000e+00
5.791873519747286814e+00 -5.643534283401185903e-02 -1.000000000000000000e+00
6.948199379687329369e+00 4.867609726054654473e+00 -1.000000000000000000e+00
