2.430904950776097806e+00 5.207810172255766368e+00 1.000000000000000000e+00
2.229984638318232015e+00 2.585186561717840004e+00 1.000000000000000000e+00
3.320564515368328529e+00 -2.282965647077982219e+00 1.000000000000000000e+00
3.078152485740331734e+00 -5.730379906043046034e+00 1.000000000000000000e+00
2.697198497785332716e+00 4.200721503982316918e+00 1.000000000000000000e+00
4.557722955216502392e+00 5.308137925599389462e+00 1.000000000000000000e+00
1.780624757343702180e+00 -7.382022232031726361e-01 1.000000000000000000e+00
3.202081498058458653e+00 6.470107374700530656e+00 1.000000000000000000e+00
2.943923713025569100e+00 1.395188488263699256e+01 1.000000000000000000e+00
1.383989116586242796e+00 6.635880893271862035e+00 1.000000000000000000e+00
2.386319198272364162e+00 7.419821329146772726e+00 1.000000000000000000e+00
4.736464752372242515e+00 2.001476932614631998e-01 1.000000000000000000e+00
3.828039169889943416e+00 2.091200642406771948e+00 1.000000000000000000e+00
3.497535573720290891e+00 -4.193056877457981280e+00 1.000000000000000000e+00
4.429824246584237457e+00 -3.651181250180820292e+00 1.000000000000000000e+00
3.667928057936501673e+00 3.554919030581641604e+00 1.000000000000000000e+00
3.410329063696313057e+00 4.106031158600079500e+00 1.000000000000000000e+00
2.968995926125166829e+00 4.677864340237302798e+00 1.000000000000000000e+00
3.093980394404980849e+00 -3.375961723030397543e+00 1.000000000000000000e+00
1.770409455161740642e+00 9.026745338193222779e+00 1.000000000000000000e+00
4.652428559652698858e+00 1.609967442093221957e+00 1.000000000000000000e+00
3.362446995814283746e+00 4.894556406892208500e+00 1.000000000000000000e+00
2.903170641854035061e+00 -2.830288023364402328e+00 1.000000000000000000e+00
2.594280852203579624e+00 1.127952993656432135e+01 1.000000000000000000e+00
2.825194617342561276e+00 -7.830477453289308443e+00 1.000000000000000000e+00
2.513144038878090569e+00 -9.127457585314592947e+00 1.000000000000000000e+00
3.929111446549721443e+00 3.253756632416943795e+00 1.000000000000000000e+00
2.555438947933027283e+00 9.373065012485497505e+00 1.000000000000000000e+00
3.186801114101840859e+00 7.006531743750685770e-01 1.000000000000000000e+00
3.350092359040328205e+00 3.677174947145074757e+00 1.000000000000000000e+00
4.467532587977788516e+00 7.712063331184208614e+00 1.000000000000000000e+00
5.127667892760729096e+00 2.623245601853719577e+00 1.000000000000000000e+00
1.761481721550767210e+00 6.255888650404996199e+00 1.000000000000000000e+00
2.249905226156863058e+00 1.008928433425966276e+01 1.000000000000000000e+00
3.194739787182865332e+00 -1.998539139167027301e+00 1.000000000000000000e+00
3.867482514170225372e+00 7.294979948140998260e+00 1.000000000000000000e+00
4.023902803359513669e+00 6.313283195785756696e+00 1.000000000000000000e+00
2.648872563540001668e+00 -4.515595068742883633e-01 1.000000000000000000e+00
4.093528498670005789e+00 6.549461493551799407e+00 1.000000000000000000e+00
2.637850687628901181e+00 5.901676297537234994e+00 1.000000000000000000e+00
2.050191950581835787e+00 -1.629679339267369187e+00 1.000000000000000000e+00
1.157959838091785487e+00 -8.564864592558185663e-02 1.000000000000000000e+00
1.954704828475672507e+00 5.974773139774273822e+00 1.000000000000000000e+00
2.087993469972174054e+00 3.836248818902102897e+00 1.000000000000000000e+00
2.715025559867507265e+00 6.783782988941150727e+00 1.000000000000000000e+00
1.265431314756571002e+00 -3.085070507178392596e+00 1.000000000000000000e+00
4.974691623745732372e+00 1.417734002670945070e+00 1.000000000000000000e+00
5.492843552769764770e+00 -8.901862139637218618e+00 1.000000000000000000e+00
2.876092071575025333e+00 9.638060459454258933e+00 1.000000000000000000e+00
4.631119429992553549e+00 4.534958024771126084e+00 1.000000000000000000e+00
2.394760869898678646e+00 2.819919765363049891e+00 1.000000000000000000e+00
1.849380381910357141e+00 -3.739579364368049497e+00 1.000000000000000000e+00
2.777681413958772882e+00 5.572907299010344317e+00 1.000000000000000000e+00
4.320453057932226670e+00 8.434326504885884646e+00 1.000000000000000000e+00
3.388726988448290456e+00 4.262634012987270182e+00 1.000000000000000000e+00
3.200317736523491163e+00 5.250929014638336056e+00 1.000000000000000000e+00
3.190125149020897055e+00 5.159226890642640839e+00 1.000000000000000000e+00
3.628716634360632298e+00 4.302644200679163866e+00 1.000000000000000000e+00
2.260245651479327211e+00 5.326130791420688126e+00 1.000000000000000000e+00
1.694692842618022333e+00 2.099553954935739153e+00 1.000000000000000000e+00
1.909027373585066245e+00 5.175277687081457856e+00 1.000000000000000000e+00
4.627620171677918393e+00 -9.546159844945818485e-01 1.000000000000000000e+00
-3.932110560640582619e-01 1.358269105904569063e+00 1.000000000000000000e+00
2.405028647994750912e+00 8.854590341975702827e+00 1.000000000000000000e+00
1.851090557299729156e+00 5.425751503491808236e+00 1.000000000000000000e+00
2.804607782738162580e+00 9.292312150288442041e+00 1.000000000000000000e+00
4.176180271973551683e+00 2.399760149717457658e+00 1.000000000000000000e+00
3.833542718763444768e+00 5.553082652600878077e+00 1.000000000000000000e+00
2.769756076968904246e+00 1.802309567479652319e+00 1.000000000000000000e+00
3.109794545847935243e+00 1.269350801322441935e+00 1.000000000000000000e+00
3.398937319551750047e+00 -2.136466829467437378e+00 1.000000000000000000e+00
2.678963754648455264e+00 4.090296377440761688e+00 1.000000000000000000e+00
4.921447361151490618e+00 5.624357481560080529e-01 1.000000000000000000e+00
3.929793339524817242e+00 1.703317699402827179e+00 1.000000000000000000e+00
3.614023378738907333e+00 1.843760231813393435e+00 1.000000000000000000e+00
5.731621281351131358e+00 -3.960962502901514526e+00 1.000000000000000000e+00
2.028126292864333102e+00 3.366836070641457290e+00 1.000000000000000000e+00
1.205824187586910679e+00 4.990564470094467353e+00 1.000000000000000000e+00
3.672608190963595920e+00 -1.833416270187558261e+00 1.000000000000000000e+00
3.729626250468520698e+00 1.290473204617899272e+00 1.000000000000000000e+00
1.930498463267021680e+00 -1.118957664062055990e+00 1.000000000000000000e+00
1.390074962957327909e+00 4.016556030755670470e+00 1.000000000000000000e+00
2.983291216196955808e+00 -2.475930520844259242e+00 1.000000000000000000e+00
1.951202745790117765e+00 1.127101655171515127e+01 1.000000000000000000e+00
1.918274443066601442e+00 4.068425875917082379e+00 1.000000000000000000e+00
1.473546704059504053e+00 1.148324772338655375e+00 1.000000000000000000e+00
1.531767747123219836e+00 2.209443064831269066e+00 1.000000000000000000e+00
2.462577157474638234e+00 3.463242416156376180e+00 1.000000000000000000e+00
2.578498161366878261e+00 -3.713855980989695382e-01 1.000000000000000000e+00
4.153134693482281925e+00 8.277570982849308479e+00 1.000000000000000000e+00
3.360833419634708275e+00 5.203221516021686810e+00 1.000000000000000000e+00
3.686645092731071216e+00 -3.398224455344203143e+00 1.000000000000000000e+00
1.632562040568541928e+00 6.374592590743105802e+00 1.000000000000000000e+00
3.028607161529751846e+00 4.544603108355501853e+00 1.000000000000000000e+00
3.515255012437044968e+00 8.551261873795176882e+00 1.000000000000000000e+00
3.691896886769560293e+00 7.620151528528763762e+00 1.000000000000000000e+00
3.117488348606982207e+00 7.417779258171908197e+00 1.000000000000000000e+00
1.689481076622758593e+00 -5.384906611769583407e+00 1.000000000000000000e+00
4.182597239266209854e+00 -2.252529270704723530e+00 1.000000000000000000e+00
3.516518424653733099e+00 9.910353508397811595e+00 1.000000000000000000e+00
4.276606248173917990e+00 -2.717775587937452109e+00 -1.000000000000000000e+00
6.402307004961235393e+00 5.546706571485502391e-01 -1.000000000000000000e+00
3.253778202314611345e+00 -3.898748575983528752e+00 -1.000000000000000000e+00
6.280550082932389699e+00 2.959087575689443472e+00 -1.000000000000000000e+00
4.547805977673346156e+00 3.642422563888821685e+00 -1.000000000000000000e+00
5.556298883006115297e+00 3.367283253420200850e+00 -1.000000000000000000e+00
5.404249484226554934e+00 8.443231915762894335e-01 -1.000000000000000000e+00
9.714926617341566484e+00 4.307508436514975614e+00 -1.000000000000000000e+00
6.674943175898394365e+00 1.167969074120143169e+00 -1.000000000000000000e+00
6.185977995874001323e+00 -1.826074005095104091e-01 -1.000000000000000000e+00
6.051423231724049501e+00 5.052613497765610084e+00 -1.000000000000000000e+00
5.010476330251707466e+00 2.936981134024998497e+00 -1.000000000000000000e+00
5.339967372622692388e+00 1.816564216623392847e+00 -1.000000000000000000e+00
6.898853221568946203e+00 -9.340266820305522799e-01 -1.000000000000000000e+00
5.258864120122134445e+00 1.464097019539599476e+00 -1.000000000000000000e+00
5.310732677393873225e+00 -2.099346127718511035e+00 -1.000000000000000000e+00
6.937015140296654891e+00 -9.868264468515861587e-01 -1.000000000000000000e+00
5.647404045919032001e+00 3.802673161116478351e+00 -1.000000000000000000e+00
6.491415191711887189e+00 -1.398442410707059658e+00 -1.000000000000000000e+00
4.677804650172078027e+00 4.305468108896238988e+00 -1.000000000000000000e+00
7.271778158266761771e+00 6.517025358493226950e-01 -1.000000000000000000e+00
6.425069903591424492e+00 1.918351116770784071e+00 -1.000000000000000000e+00
4.765735661747743102e+00 -3.773805736640096775e-01 -1.000000000000000000e+00
3.881570633264349812e+00 2.374302373608467853e+00 -1.000000000000000000e+00
6.901818635032922700e+00 -4.640943446423535512e-01 -1.000000000000000000e+00
6.477246346660883169e+00 3.377597570373320757e+00 -1.000000000000000000e+00
4.601561523998944914e+00 5.414502405871388646e+00 -1.000000000000000000e+00
4.118547520163695630e+00 1.251037147470032584e+00 -1.000000000000000000e+00
8.775540810658137403e+00 1.692323859059613245e+00 -1.000000000000000000e+00
4.079370852746820653e+00 -1.062838754602259517e+00 -1.000000000000000000e+00
7.216279918519791892e+00 8.362467635237180730e-02 -1.000000000000000000e+00
4.135335385691929488e+00 9.955046988056781565e-02 -1.000000000000000000e+00
7.260442685136295538e+00 -2.743022152105930367e+00 -1.000000000000000000e+00
5.879921793839246291e+00 8.172319524854341211e-01 -1.000000000000000000e+00
6.039339680703456281e+00 1.245080684906554547e+00 -1.000000000000000000e+00
8.625713276499981319e+00 2.102375677203793369e+00 -1.000000000000000000e+00
5.544555259419507998e+00 2.286083410036260588e+00 -1.000000000000000000e+00
4.887434734713696827e+00 5.339295687889302755e+00 -1.000000000000000000e+00
7.187725571645804834e+00 5.481106571080434975e+00 -1.000000000000000000e+00
5.941062390676440153e+00 4.192934267575679996e+00 -1.000000000000000000e+00
6.359987577713820173e+00 -4.693749336842558684e-01 -1.000000000000000000e+00
2.980891142839386276e+00 7.457366143980244999e+00 -1.000000000000000000e+00
5.576962514747587640e+00 4.721365175254668145e-01 -1.000000000000000000e+00
3.674537074756560884e+00 1.268724853866199709e+00 -1.000000000000000000e+00
5.014173167417507848e+00 1.802518797752533875e+00 -1.000000000000000000e+00
4.550907422918772482e+00 3.213476325781959630e+00 -1.000000000000000000e+00
8.049829770177844068e+00 3.050689878307045522e+00 -1.000000000000000000e+00
5.603282770710009686e+00 3.378071021061677115e+00 -1.000000000000000000e+00
6.851566472192541113e+00 2.846850763787827532e+00 -1.000000000000000000e+00
5.920117716081954029e+00 2.222321394956084717e+00 -1.000000000000000000e+00
6.014827773233506925e+00 1.744580722748828805e+00 -1.000000000000000000e+00
4.234222490542284945e+00 -9.168614993821226911e-01 -1.000000000000000000e+00
4.969154131242222938e+00 3.911238168798102599e+00 -1.000000000000000000e+00
3.673473342649110851e+00 -1.299621838231549642e+00 -1.000000000000000000e+00
4.885727453011187826e+00 8.158757097480817677e-01 -1.000000000000000000e+00
7.355406286227212931e+00 1.337685629847510160e+00 -1.000000000000000000e+00
4.544220732374703253e+00 -1.341032225335130779e+00 -1.000000000000000000e+00
3.669656373082821332e+00 2.228872062833315848e+00 -1.000000000000000000e+00
9.270641883883497414e+00 -4.276935874193332765e-02 -1.000000000000000000e+00
6.195200471929878994e+00 1.745317887303338589e+00 -1.000000000000000000e+00
9.092206307210513927e+00 -9.457706014019873209e-02 -1.000000000000000000e+00
2.897727812435069161e+00 4.434041980062005450e+00 -1.000000000000000000e+00
6.164941394277906106e+00 6.332541280492680613e-01 -1.000000000000000000e+00
6.883649574452245012e+00 1.124496770187874528e+00 -1.000000000000000000e+00
5.631845161022287272e+00 2.441000127751507431e+00 -1.000000000000000000e+00
6.023876027847600234e+00 7.634512927713899000e-01 -1.000000000000000000e+00
3.628615716467666452e+00 3.996196871140087481e+00 -1.000000000000000000e+00
5.045524397426278895e+00 2.725253953169466836e+00 -1.000000000000000000e+00
3.278027276416362490e+00 1.322432003098510389e+00 -1.000000000000000000e+00
6.787415432125375681e+00 3.727773348213585969e+00 -1.000000000000000000e+00
6.524379365456213442e+00 6.580160757933428695e-01 -1.000000000000000000e+00
3.483328714083105737e+00 8.230468450692345339e-01 -1.000000000000000000e+00
4.182164019081705320e+00 5.885374939071498446e+00 -1.000000000000000000e+00
6.773408913466935743e+00 5.051766263102253518e+00 -1.000000000000000000e+00
4.145950878314122789e+00 2.817958781602710960e+00 -1.000000000000000000e+00
7.582108040421869255e+00 1.454185904249469807e+00 -1.000000000000000000e+00
6.278256147206730198e+00 1.077852159317886915e+00 -1.000000000000000000e+00
7.721462210990294395e+00 4.235419757417609787e+00 -1.000000000000000000e+00
5.800418904703579237e+00 3.029070583867112365e+00 -1.000000000000000000e+00
5.027569931793705926e+00 1.904247455866139083e+00 -1.000000000000000000e+00
3.174126771161618787e+00 2.883992412579341469e+00 -1.000000000000000000e+00
6.421517358427508704e+00 3.250980757272182053e+00 -1.000000000000000000e+00
8.564359955540904679e+00 3.340927639230395485e+00 -1.000000000000000000e+00
7.746977211311081746e+00 6.666937634552692948e+00 -1.000000000000000000e+00
5.644613963793420730e+00 2.007426087434800888e+00 -1.000000000000000000e+00
4.874552883836552830e+00 3.067399338047615220e+00 -1.000000000000000000e+00
9.354003484977939209e+00 2.164569198146802709e+00 -1.000000000000000000e+00
5.864867740560120168e+00 1.857136694471918759e+00 -1.000000000000000000e+00
8.159078997636433073e+00 1.444333792947473105e+00 -1.000000000000000000e+00
7.275101281230934802e+00 1.447463662959080466e+00 -1.000000000000000000e+00
5.967067845975191354e+00 1.824932873351320817e+00 -1.000000000000000000e+00
6.437725764497288949e+00 -6.675717119424220414e-01 -1.000000000000000000e+00
5.772720937171061273e+00 -5.074277397585129634e-01 -1.000000000000000000e+00
7.016421538523480272e+00 2.772168024680310872e+00 -1.000000000000000000e+00
7.182042867768208438e+00 2.576529535049169706e+00 -1.000000000000000000e+00
6.002372811751658155e+00 1.118339404931596448e+00 -1.000000000000000000e+00
7.158549944566800605e+00 -1.427381691286688792e-02 -1.000000000000000000e+00
5.427604043373756681e+00 1.375756866511830712e+00 -1.000000000000000000e+00
4.741379987723592926e+00 1.764014556272825551e+00 -1.000000000000000000e+00
6.531546225702529185e+00 7.706054988982926623e-01 -1.000000000000000000e+00
